ABC100,26,39,3
ABC101,26,44,5
ABC102,27,62,11
ABC103,30,63,12
ABC104,27,71,12
ABC105,22,53,6
ABC106,20,33,8
ABC107,28,82,10
ABC108,21,56,2
ABC109,24,72,2
ABC110,24,70,9
ABC111,20,72,3
ABC112,28,83,11
ABC113,26,35,9
ABC114,25,81,12
ABC115,25,65,10
ABC116,22,30,3
ABC117,30,76,9
ABC118,28,37,1
ABC119,20,81,10
ABC120,25,59,7
ABC121,26,82,4
ABC122,22,33,7
ABC123,29,72,11
ABC124,25,58,6
ABC125,18,54,7
ABC126,24,54,11
ABC127,27,84,11
ABC128,29,54,6
ABC129,22,29,12
ABC130,29,82,6
ABC131,26,78,11
ABC132,25,57,2
ABC133,27,66,10
ABC134,21,27,8
ABC135,23,52,2
ABC136,22,43,5
ABC137,19,67,2
ABC138,18,64,5
ABC139,20,37,6
ABC140,25,48,9
ABC141,18,79,5
ABC142,18,73,7
ABC143,26,84,3
ABC144,23,54,5
ABC145,26,61,2
ABC146,26,82,11
ABC147,22,70,11
ABC148,28,69,10
ABC149,21,76,10
ABC150,23,43,5
ABC151,24,77,2
ABC152,21,41,5
ABC153,27,59,9
ABC154,23,75,8
ABC155,24,32,6
ABC156,26,54,5
ABC157,26,37,12
ABC158,29,54,5
ABC159,18,56,8
ABC160,29,47,12
ABC161,22,49,1
ABC162,24,53,1
ABC163,30,60,10
ABC164,29,73,4
ABC165,21,69,3
ABC166,29,51,4
ABC167,30,35,3
ABC168,20,56,3
ABC169,26,42,5
ABC170,20,35,1
ABC171,22,32,2
ABC172,29,34,4
ABC173,24,65,2
ABC174,20,60,6
ABC175,27,80,6
ABC176,28,40,1
ABC177,19,38,10
ABC178,19,25,2
ABC179,19,73,4
ABC180,29,48,10
ABC181,29,68,1
ABC182,22,47,9
ABC183,25,70,2
ABC184,22,35,7
ABC185,28,80,6
ABC186,19,78,10
ABC187,29,40,8
ABC188,22,56,3
ABC189,20,26,2
ABC190,29,81,6
ABC191,28,51,6
ABC192,29,35,1
ABC193,21,41,7
ABC194,29,73,6
ABC195,20,75,11
ABC196,21,61,8
ABC197,27,74,12
ABC198,30,67,1
ABC199,22,58,2
ABC200,20,44,6
ABC201,18,71,7
ABC202,22,71,12
ABC203,28,63,5
ABC204,23,66,1
ABC205,30,43,9
ABC206,21,80,2
ABC207,23,68,5
ABC208,21,37,6
ABC209,23,46,7
ABC210,28,77,10
ABC211,23,53,3
ABC212,27,45,2
ABC213,26,72,5
ABC214,23,28,5
ABC215,28,65,11
ABC216,23,72,2
ABC217,22,53,8
ABC218,23,74,10
ABC219,30,44,3
ABC220,21,51,5
ABC221,22,33,5
ABC222,20,57,6
ABC223,18,45,4
ABC224,18,40,10
ABC225,19,68,9
ABC226,27,41,4
ABC227,19,57,2
ABC228,27,53,10
ABC229,20,58,2
ABC230,29,42,10
ABC231,27,83,8
ABC232,29,81,8
ABC233,21,38,3
ABC234,20,42,8
ABC235,21,85,7
ABC236,28,76,12
ABC237,24,35,9
ABC238,22,55,5
ABC239,28,84,12
ABC240,21,32,8
ABC241,30,59,1
ABC242,19,42,6
ABC243,22,69,5
ABC244,29,52,7
ABC245,26,69,7
ABC246,21,59,7
ABC247,19,51,10
ABC248,25,74,1
ABC249,27,58,4
ABC250,21,51,6
ABC251,20,59,11
ABC252,28,52,4
ABC253,23,83,5
ABC254,28,56,2
ABC255,21,30,5
ABC256,30,74,8
ABC257,20,40,9
ABC258,29,73,8
ABC259,25,50,4
ABC260,23,36,11
ABC261,29,56,1
ABC262,19,28,10
ABC263,21,31,1
ABC264,20,29,8
ABC265,24,66,4
ABC266,25,66,3
ABC267,19,48,12
ABC268,25,41,1
ABC269,21,74,8
ABC270,26,46,2
ABC271,21,28,12
ABC272,23,71,2
ABC273,22,62,3
ABC274,24,49,2
ABC275,30,36,8
ABC276,20,35,9
ABC277,28,35,3
ABC278,26,70,9
ABC279,27,36,10
ABC280,25,64,11
ABC281,28,78,3
ABC282,29,61,4
ABC283,24,47,12
ABC284,20,58,7
ABC285,30,36,12
ABC286,30,45,1
ABC287,21,82,11
ABC288,30,71,2
ABC289,22,69,3
ABC290,26,31,11
ABC291,24,51,8
ABC292,22,59,7
ABC293,22,56,4
ABC294,28,80,12
ABC295,28,62,6
ABC296,27,68,12
ABC297,21,49,7
ABC298,30,42,1
ABC299,20,31,3
ABC300,19,78,5
ABC301,27,32,6
ABC302,24,46,9
ABC303,18,59,10
ABC304,25,58,8
ABC305,21,33,1
ABC306,20,68,8
ABC307,22,32,10
ABC308,26,53,7
ABC309,22,68,8
ABC310,18,46,2
ABC311,22,59,12
ABC312,23,81,11
ABC313,22,35,8
ABC314,30,84,12
ABC315,29,48,2
ABC316,19,67,7
ABC317,26,61,3
ABC318,18,34,4
ABC319,30,54,1
ABC320,22,55,5
ABC321,24,68,1
ABC322,25,42,11
ABC323,25,36,11
ABC324,30,64,12
ABC325,28,60,3
ABC326,23,85,2
ABC327,23,63,5
ABC328,20,50,10
ABC329,21,41,4
ABC330,18,50,5
ABC331,20,74,4
ABC332,19,48,8
ABC333,29,64,11
ABC334,18,55,5
ABC335,27,68,3
ABC336,18,58,3
ABC337,20,45,9
ABC338,18,37,10
ABC339,25,84,7
ABC340,26,33,1
ABC341,29,37,7
ABC342,23,79,10
ABC343,28,60,4
ABC344,30,50,10
ABC345,20,49,12
ABC346,28,40,2
ABC347,27,78,10
ABC348,22,85,3
ABC349,19,62,7
ABC350,26,69,7
ABC351,25,31,5
ABC352,22,77,4
ABC353,26,39,5
ABC354,19,80,12
ABC355,23,75,1
ABC356,23,59,6
ABC357,28,45,1
ABC358,29,37,12
ABC359,23,51,12
ABC360,29,70,1
ABC361,26,37,6
ABC362,19,83,4
ABC363,21,55,6
ABC364,20,63,4
ABC365,20,77,4
ABC366,22,45,12
ABC367,18,45,6
ABC368,18,31,3
ABC369,22,34,10
ABC370,29,58,10
ABC371,26,49,11
ABC372,19,72,2
ABC373,29,71,9
ABC374,28,49,11
ABC375,20,78,2
ABC376,20,50,9
ABC377,29,54,12
ABC378,18,80,6
ABC379,19,68,1
ABC380,24,30,6
ABC381,20,64,3
ABC382,29,78,12
ABC383,20,78,1
ABC384,29,61,7
ABC385,21,77,3
ABC386,26,37,9
ABC387,24,46,10
ABC388,22,30,6
ABC389,29,52,12
ABC390,20,49,1
ABC391,25,42,1
ABC392,29,57,6
ABC393,27,79,4
ABC394,29,68,4
ABC395,27,36,9
ABC396,28,83,9
ABC397,21,73,4
ABC398,19,24,1
ABC399,26,60,10
ABC400,25,34,3
ABC401,24,34,11
ABC402,22,27,8
ABC403,27,84,6
ABC404,24,48,8
ABC405,21,83,5
ABC406,18,78,12
ABC407,28,80,9
ABC408,26,73,4
ABC409,28,48,6
ABC410,19,83,4
ABC411,29,75,12
ABC412,30,53,8
ABC413,24,53,11
ABC414,29,63,3
ABC415,28,76,5
ABC416,29,58,8
ABC417,20,39,11
ABC418,19,44,10
ABC419,28,70,10
ABC420,25,51,5
ABC421,29,39,2
ABC422,25,56,6
ABC423,29,44,2
ABC424,20,69,4
ABC425,29,57,12
ABC426,29,79,6
ABC427,24,36,3
ABC428,18,67,2
ABC429,29,58,3
ABC430,26,52,4
ABC431,25,65,1
ABC432,28,39,11
ABC433,30,81,7
ABC434,20,83,6
ABC435,28,50,6
ABC436,22,36,10
ABC437,18,37,8
ABC438,19,81,2
ABC439,26,45,12
ABC440,23,52,5
ABC441,30,42,6
ABC442,25,64,3
ABC443,25,47,2
ABC444,20,32,11
ABC445,24,55,11
ABC446,20,54,8
ABC447,20,28,4
ABC448,26,81,11
ABC449,19,56,6
ABC450,27,83,5
ABC451,18,52,7
ABC452,26,53,5
ABC453,29,85,11
ABC454,25,56,4
ABC455,21,83,12
ABC456,19,55,7
ABC457,22,40,9
ABC458,28,38,3
ABC459,25,58,12
ABC460,20,49,1
ABC461,18,73,4
ABC462,24,45,12
ABC463,28,58,3
ABC464,18,80,7
ABC465,22,52,3
ABC466,24,42,6
ABC467,26,85,4
ABC468,28,63,12
ABC469,29,36,1
ABC470,18,32,12
ABC471,28,41,4
ABC472,28,61,6
ABC473,24,58,5
ABC474,20,45,4
ABC475,23,67,1
ABC476,25,37,5
ABC477,28,52,4
ABC478,25,67,5
ABC479,21,80,2
ABC480,30,51,5
ABC481,28,58,3
ABC482,30,42,7
ABC483,20,80,5
ABC484,26,68,7
ABC485,23,61,9
ABC486,18,80,12
ABC487,27,70,9
ABC488,28,38,6
ABC489,21,79,6
ABC490,27,75,7
ABC491,23,57,5
ABC492,26,59,11
ABC493,18,84,9
ABC494,22,75,12
ABC495,27,66,4
ABC496,27,76,2
ABC497,24,51,12
ABC498,21,77,9
ABC499,21,75,8
